start to load graph data
read graph cost 17.120730

Start partition into 8 subgraph
1 11286643.438854 5115450.000000 
2 11815131.394168 4586962.000000 
3 11123153.974314 5278939.000000 
4 9952990.073768 6449143.000000 
5 9322208.054654 7079884.000000 
6 7220273.488340 9181822.000000 
7 3750121.059350 12651971.000000 
8 1137845.515908 15264196.000000 

start to combine
end write partition id 1, finished subgraph 0, 
0 start fennel partition

 partition into 16 subgraph
1 5493004.388647 2708045.000000 
2 5793644.244873 2407407.000000 
3 5975241.563157 2225805.000000 
4 5839889.576704 2361158.000000 
5 5682219.169110 2518830.000000 
6 5440938.238066 2760109.000000 
7 5177133.640311 3023913.000000 
8 4775848.060183 3425227.000000 
9 4704221.643768 3496825.000000 
10 4617986.501754 3583060.000000 
11 3917179.980680 4283866.000000 
12 3303093.417074 4897955.000000 
13 2342268.897372 5858777.000000 
14 1407852.162345 6793194.000000 
15 769365.533412 7431681.000000 
16 368479.982300 7832515.000000 

start to combine
end write partition id 2, finished subgraph 4, 
partition results
********************************
0 16665293 888540072
1 16714891 885813871
2 16244576 911706147
3 15983607 926074180
********************************
finish write
Finish partition! total generate time is2.124617

partition into 16 subgraph
1 5493004.388647 2708045.000000 
2 5793644.244873 2407407.000000 
3 5975241.563157 2225805.000000 
4 5839889.576704 2361158.000000 
5 5682219.169110 2518830.000000 
6 5440938.238066 2760109.000000 
7 5177133.640311 3023913.000000 
8 4775848.060183 3425227.000000 
9 4704221.643768 3496825.000000 
10 4617986.501754 3583060.000000 
11 3917179.980680 4283866.000000 
12 3303093.417074 4897955.000000 
13 2342268.897372 5858777.000000 
14 1407852.162345 6793194.000000 
15 769365.533412 7431681.000000 
16 368479.982300 7832515.000000 

start to combine
end write partition id 1, finished subgraph 1, 
0 start fennel partition

 partition into 28 subgraph
1 2645720.599693 1454803.000000 
2 2847283.788979 1253242.000000 
3 2873251.040386 1227272.000000 
4 2920393.204515 1180135.000000 
5 2994813.031261 1105714.000000 
6 2980431.183753 1120093.000000 
7 2931416.943930 1169106.000000 
8 2908492.703261 1192051.000000 
9 2757581.558933 1342942.000000 
10 2683346.362381 1417177.000000 
11 2610207.849201 1490316.000000 
12 2566925.246231 1533600.000000 
13 2425003.276521 1675522.000000 
14 2350832.923037 1749691.000000 
15 2348490.471726 1752039.000000 
16 2355734.023713 1744790.000000 
17 2356692.120919 1743831.000000 
18 2261299.139664 1839229.000000 
19 2096008.000491 2004519.000000 
20 1821176.884336 2279347.000000 
21 1696620.869211 2403903.000000 
22 1606465.518707 2494059.000000 
23 795280.783215 3305243.000000 
24 612569.235799 3487954.000000 
25 452266.726353 3648257.000000 
26 317097.172341 3783426.000000 
27 227622.892026 3872901.000000 
28 140855.382976 3959598.000000 

start to combine
end write partition id 2, finished subgraph 8, 
partition results
********************************
0 8377607 441796217
1 8350951 443260490
2 8322539 444828316
3 8377745 441788633
4 8287714 446745777
5 8168626 453302922
6 8229039 449975722
7 7494146 490436193
********************************

finish write
Finish partition! total generate time is3.105893


 partition into 32 subgraph
1 2645720.599693 1454803.000000 
2 2847283.788979 1253242.000000 
3 2873251.040386 1227272.000000 
4 2920393.204515 1180135.000000 
5 2994813.031261 1105714.000000 
6 2980431.183753 1120093.000000 
7 2931416.943930 1169106.000000 
8 2908471.306865 1192052.000000 
9 2866124.224088 1234402.000000 
10 2816116.341433 1284427.000000 
11 2757581.558933 1342942.000000 
12 2683346.362381 1417177.000000 
13 2610207.849201 1490316.000000 
14 2566925.246231 1533600.000000 
15 2425003.276521 1675522.000000 
16 2350832.923037 1749691.000000 
17 2348490.471726 1752039.000000 
18 2355734.023713 1744790.000000 
19 2356692.120919 1743831.000000 
20 2261299.139664 1839229.000000 
21 2096008.000491 2004519.000000 
22 1821176.884336 2279347.000000 
23 1696620.869211 2403903.000000 
24 1606468.388512 2494055.000000 
25 1332171.673690 2768352.000000 
26 1010094.353876 3090429.000000 
27 795280.783215 3305243.000000 
28 612569.235799 3487954.000000 
29 452266.726353 3648257.000000 
30 317097.172341 3783426.000000 
31 227622.892026 3872901.000000 
32 140855.382976 3959598.000000 

start to combine
end write partition id 1, finished subgraph 1, 
0 start fennel partition

 partition into 60 subgraph
1 1175534.759251 874727.000000 
2 1470185.840444 580076.000000 
3 1445560.731577 604704.000000 
4 1427697.174552 622570.000000 
5 1441866.747286 608408.000000 
6 1478531.651943 571732.000000 
7 1496136.672205 554126.000000 
8 1498696.320552 551583.000000 
9 1491406.833517 558874.000000 
10 1489026.893104 561237.000000 
11 1469656.779126 580616.000000 
12 1461765.414007 588497.000000 
13 1464804.337998 585466.000000 
14 1443683.225045 606581.000000 
15 1438434.750788 611827.000000 
16 1427676.232238 622587.000000 
17 1408953.840577 641308.000000 
18 1407187.384613 643092.000000 
19 1388253.226751 662013.000000 
20 1369300.596788 680962.000000 
21 1351152.602101 699109.000000 
22 1332200.934794 718063.000000 
23 1317171.019867 733099.000000 
24 1293031.997891 757231.000000 
25 1287229.851012 763033.000000 
26 1279707.800770 770558.000000 
27 1217296.710528 832966.000000 
28 1207707.201708 842555.000000 
29 1180030.327379 870232.000000 
30 1170797.637070 879465.000000 
31 1176368.092581 873894.000000 
32 1172126.356913 878136.000000 
33 1180045.566409 870216.000000 
34 1175673.218274 874589.000000 
35 1177328.006119 872934.000000 
36 1179359.501315 870902.000000 
37 1116751.520635 933510.000000 
38 1144544.930854 905717.000000 
39 1079308.263031 970958.000000 
40 1016698.066426 1033564.000000 
41 927702.643989 1122559.000000 
42 893509.150247 1156753.000000 
43 862052.506246 1188210.000000 
44 834526.442001 1215736.000000 
45 816836.235746 1233426.000000 
46 789633.860107 1260628.000000 
47 542148.046787 1508114.000000 
48 467932.012542 1582330.000000 
49 418228.165777 1632034.000000 
50 377059.519496 1673202.000000 
51 321994.113616 1728268.000000 
52 290574.268512 1759688.000000 
53 243322.906479 1806939.000000 
54 208932.849240 1841329.000000 
55 168694.764564 1881567.000000 
56 148402.553090 1901859.000000 
57 123149.919523 1927112.000000 
58 104471.519433 1945790.000000 
59 79514.312339 1970748.000000 
60 61336.729595 1988764.000000 

start to combine
end write partition id 2, finished subgraph 16, 
partition results
********************************
0 4021594 230104101
1 4190370 220804208
2 4193624 220632834
3 4195405 220535721
4 4192406 220700571
5 4184693 221124567
6 4178925 221441981
7 4165781 222166219
8 4136531 223776526
9 4092990 226173268
10 4084599 226635484
11 4101451 225707468
12 4078157 226990640
13 4044380 228849762
14 3989512 231871596
15 3757949 244619324
********************************

finish write
Finish partition!  total generate time is5.575250
