Start partition into 8 subgraph
1 8495031.874573 7907060.000000 
2 6327262.031048 10074830.000000 
3 6503502.984848 9898589.000000 
4 9539209.506846 6862883.000000 
5 10518783.590759 5883309.000000 
6 7129345.215284 9272746.000000 
7 10774029.993980 5628061.000000 
8 6321201.801410 10080889.000000 

start to combine
end write partition id 1, finished subgraph 4, 
partition results
********************************
0 15708950 941195086
1 15958139 927475892
2 16761472 883247583
3 17179806 860215709
********************************

finish write
Finish partition! run again! 8, total generate time is179.899538

Start partition into 16 subgraph
1 5720592.788439 2480454.000000 
2 3740495.060508 4460551.000000 
3 3763236.669066 4437810.000000 
4 3050551.442618 5150495.000000 
5 4343520.377473 3857525.000000 
6 2382904.849394 5818142.000000 
7 3800692.931600 4400352.000000 
8 5190666.715576 3010380.000000 
9 3172757.232592 5028289.000000 
10 3622705.319732 4578340.000000 
11 3776256.067423 4424789.000000 
12 2653275.434583 5547771.000000 
13 5420798.271342 2780247.000000 
14 4839592.556193 3361452.000000 
15 4884172.420263 3316872.000000 
16 5246148.860701 2954898.000000 

start to combine
end write partition id 1, finished subgraph 8, 
partition results
********************************
0 8298596 446146168
1 8328018 444526204
2 8105393 456783134
3 8038669 460456671
4 7895212 468354663
5 7822003 472385306
6 8295335 446325618
7 8825141 417156506
********************************

finish write
Finish partition! total generate time is210.022395

 partition into 32 subgraph
1 2424633.107852 1675889.000000 
2 1749636.398634 2350887.000000 
3 2342132.454422 1758391.000000 
4 1883544.891184 2216977.000000 
5 2027605.174598 2072918.000000 
6 2993775.251546 1106748.000000 
7 2801874.696590 1298647.000000 
8 2140309.438775 1960214.000000 
9 1530956.582712 2569567.000000 
10 2086178.626816 2014345.000000 
11 1771012.452009 2329511.000000 
12 1839230.847510 2261293.000000 
13 2053756.947227 2046765.000000 
14 1385315.799470 2715206.000000 
15 1917802.792084 2182719.000000 
16 2042389.376077 2058134.000000 
17 1648065.416832 2452457.000000 
18 1151439.401948 2949084.000000 
19 2526162.404840 1574359.000000 
20 1561620.797200 2538903.000000 
21 2733007.924890 1367514.000000 
22 1349664.971367 2750858.000000 
23 1861034.174929 2239489.000000 
24 2689884.069336 1410639.000000 
25 2338823.387319 1761700.000000 
26 1706875.700625 2393648.000000 
27 2518905.611820 1581616.000000 
28 2778504.618953 1322019.000000 
29 1736188.000696 2364335.000000 
30 2007649.820143 2092874.000000 
31 2324317.211856 1776206.000000 
32 1686068.649710 2414455.000000 

start to combine
end write partition id 1, finished subgraph 16, 
partition results
********************************
0 4055832 228218939
1 4049505 228567169
2 4037225 229243298
3 3937081 234756831
4 3949542 234070853
5 4026816 229816288
6 3996071 231509064
7 4069537 227464350
8 4122726 224536012
9 4112587 225094243
10 4105717 225472471
11 4221507 219097571
12 4253834 217317749
13 4263742 216772091
14 4240853 218032341
15 4165792 222165000
********************************

finish write
Finish partition! total generate time is275.145320