start to load graph data
read graph cost 1.112946 at 0


 partition into 8 subgraph
1 1859639.137244 12716.000000 
2 1628720.926901 243548.000000 
3 1303319.735113 568950.000000 
4 1131183.397834 741086.000000 
5 920540.419967 951729.000000 
6 496886.051290 1375383.000000 
7 81173.016241 1791096.000000 
8 67610.315403 1804565.000000 

start to combine
end write partition id 1, finished subgraph 3, 
0 start fennel partition
finish partition at 0.016263

 partition into 4 subgraph
1 877448.528206 58757.000000 
2 751276.366444 184858.000000 
3 44056.721698 892078.000000 
4 37112.326791 898951.000000 

start to combine
end write partition id 2, finished subgraph 4, 
partition results
********************************
0 1817281 57801707
1 1944333 53991437
2 1692815 61534919
3 2034644 51282821
********************************
finish write
Finish partition! total generate time is0.254095


 partition into 16 subgraph
1 934529.037022 1610.000000 
2 925110.100222 11106.000000 
3 877448.528206 58757.000000 
4 751332.248359 184806.000000 
5 687006.062425 249129.000000 
6 616293.200435 319842.000000 
7 580050.077489 356088.000000 
8 551141.856008 384993.000000 
9 493640.999159 442494.000000 
10 426891.918761 509245.000000 
11 387527.477438 548607.000000 
12 109322.697409 826812.000000 
13 44056.755041 892078.000000 
14 37114.427364 899020.000000 
15 35686.137628 900448.000000 
16 31921.477037 904038.000000 

start to combine
end write partition id 1, finished subgraph 3, 
0 start fennel partition
finish partition at 0.031375

 partition into 20 subgraph
1 394976.510045 73091.000000 
2 356355.738314 111715.000000 
3 346742.615194 121325.000000 
4 340263.447232 127804.000000 
5 312062.151982 156006.000000 
6 304231.348535 163837.000000 
7 291793.921417 176274.000000 
8 288255.855990 179813.000000 
9 283219.448379 184848.000000 
10 267922.407629 200145.000000 
11 254199.563095 213869.000000 
12 239441.869516 228626.000000 
13 221551.954586 246516.000000 
14 205339.530723 262728.000000 
15 191155.727074 276912.000000 
16 196372.050446 271696.000000 
17 84619.956802 383448.000000 
18 24702.573892 443365.000000 
19 22026.443659 446041.000000 
20 22030.178012 446035.000000 

start to combine
end write partition id 2, finished subgraph 8, 
partition results
********************************
0 905648 28985604
1 911554 28816022
2 957777 27429402
3 978164 26815876
4 971764 27007865
5 945461 27796736
6 944170 27835441
7 874535 29923938
********************************
finish write
Finish partition!  total generate time is0.428740


 partition into 32 subgraph
1 468506.474068 423.000000 
2 466961.219083 1203.000000 
3 465067.335635 3037.000000 
4 460004.120709 8076.000000 
5 450584.883828 17545.000000 
6 426766.484533 41306.000000 
7 394915.593423 73153.000000 
8 356328.530890 111746.000000 
9 346711.673417 121358.000000 
10 340186.259503 127885.000000 
11 312052.816101 156015.000000 
12 304209.442557 163858.000000 
13 291762.179422 176305.000000 
14 288261.157437 179807.000000 
15 283200.709932 184868.000000 
16 267891.065744 200176.000000 
17 254190.327241 213879.000000 
18 239417.329487 228650.000000 
19 221497.906504 246570.000000 
20 205310.689520 262758.000000 
21 191198.938865 276870.000000 
22 196316.968749 271751.000000 
23 84292.734180 383775.000000 
24 24707.575256 443360.000000 
25 22025.009935 446043.000000 
26 22023.842950 446044.000000 
27 19182.567655 448885.000000 
28 17924.524374 450143.000000 
29 18385.350119 449682.000000 
30 17301.020906 450767.000000 
31 16352.161992 451715.000000 
32 15536.105983 451420.000000 

start to combine
end write partition id 1, finished subgraph 6, 
0 start fennel partition
finish partition at 0.032528

 partition into 40 subgraph
1 201770.390150 32267.000000 
2 193147.037107 40887.000000 
3 177758.004589 56276.000000 
4 178568.692467 55469.000000 
5 175525.495407 58513.000000 
6 171190.379156 62846.000000 
7 178977.804101 55057.000000 
8 161206.288144 72828.000000 
9 156370.035149 77664.000000 
10 155682.847637 78351.000000 
11 152160.453153 81877.000000 
12 152052.623729 81983.000000 
13 147800.063339 86248.000000 
14 143972.618949 90062.000000 
15 143998.425991 90036.000000 
16 144260.030708 89775.000000 
17 147662.692521 86375.000000 
18 135537.550617 98497.000000 
19 135374.572812 98660.000000 
20 132518.893587 101516.000000 
21 128066.845429 105968.000000 
22 126121.547951 107913.000000 
23 124940.358975 109095.000000 
24 114478.404236 119556.000000 
25 111825.547021 122212.000000 
26 109675.693727 124359.000000 
27 104317.865076 129716.000000 
28 100992.657731 133042.000000 
29 96880.769059 137153.000000 
30 94318.536573 139718.000000 
31 104932.099348 129102.000000 
32 91384.369264 142650.000000 
33 70291.080233 163743.000000 
34 13985.749606 220048.000000 
35 12239.106335 221795.000000 
36 12468.168839 221566.000000 
37 11385.540090 222648.000000 
38 10639.636557 223394.000000 
39 10941.252191 223093.000000 
40 11080.623555 222913.000000 

start to combine
end write partition id 2, finished subgraph 16, 
partition results
********************************
0 452138 14541790
1 452623 14470970
2 453804 14467102
3 458219 14333947
4 467227 14065268
5 490191 13374821
6 489467 13396511
7 487563 13453710
8 485709 13509277
9 487689 13449773
10 490218 13372822
11 478114 13736971
12 470686 13959849
13 452048 14518802
14 436278 14992078
15 437099 14967193
********************************
finish write
Finish partition!  total generate time is0.734759
