start to load graph data
read graph cost 7.242301 at 0

 partition into 8 subgraph
1 8709895.589659 1638279.000000 
2 8017569.774255 2330424.000000 
3 7493083.575042 2854908.000000 
4 5534101.783543 4813889.000000 
5 3161732.164771 7186259.000000 
6 2929879.331355 7418112.000000 
7 2891801.248429 7456191.000000 
8 2653899.532948 7693901.000000 

start to combine
end write partition id 1, finished subgraph 1, 
0 start fennel partition

 partition into 12 subgraph
1 4570782.402363 603305.000000 
2 4139113.187249 1034974.000000 
3 4051791.168208 1128408.000000 
4 3969281.614370 1204714.000000 
5 3290789.557772 1883215.000000 
6 2241688.996433 2932307.000000 
7 1627570.121877 3546426.000000 
8 1533859.860565 3640138.000000 
9 1445567.576958 3728429.000000 
10 1446501.055568 3727495.000000 
11 1366756.551372 3807239.000000 
12 1285298.000815 3882293.000000 

start to combine
end write partition id 2, finished subgraph 3, 
0 start fennel partition

 partition into 8 subgraph
1 2405364.772844 190633.000000 
2 2170488.660235 416510.000000 
3 1372337.434309 1214661.000000 
4 867214.029364 1719784.000000 
5 835037.880625 1751962.000000 
6 792741.282900 1794258.000000 
7 779377.846811 1807621.000000 
8 502777.614396 2068902.000000 

start to combine
end write partition id 3, finished subgraph 4, 
partition results
********************************
0 10273020 372309844
1 10365566 369007739
2 9789046 389819096
3 10964331 347390629
********************************
finish write
Finish partition! total generate time is1.904171


 partition into 16 subgraph
1 4570782.402363 603305.000000 
2 4139113.187249 1034974.000000 
3 4051791.168208 1128408.000000 
4 3970604.732952 1203393.000000 
5 3957274.275446 1216729.000000 
6 3534491.920031 1639504.000000 
7 3290784.294636 1883212.000000 
8 2241688.744475 2932307.000000 
9 1627569.897914 3546426.000000 
10 1534090.626645 3639905.000000 
11 1534577.942567 3639418.000000 
12 1395070.622738 3778926.000000 
13 1445567.576958 3728429.000000 
14 1446501.055568 3727495.000000 
15 1366756.551372 3807239.000000 
16 1285298.000815 3882293.000000 

start to combine
end write partition id 1, finished subgraph 3, 
0 start fennel partition

 partition into 20 subgraph
1 2405364.772844 190633.000000 
2 2172585.851620 414489.000000 
3 2122594.102381 483956.000000 
4 2033370.103878 553664.000000 
5 2011048.055888 575952.000000 
6 2030645.451599 556355.000000 
7 1661919.357530 925080.000000 
8 1627305.033437 960043.000000 
9 1369974.342618 1217024.000000 
10 866704.457098 1720294.000000 
11 834669.741118 1752328.000000 
12 793227.227049 1793771.000000 
13 761748.919638 1825290.000000 
14 771276.426056 1815722.000000 
15 718922.285010 1868076.000000 
16 675826.362632 1911172.000000 
17 730218.960715 1856779.000000 
18 637365.806558 1949632.000000 
19 779329.722719 1807668.000000 
20 499335.831958 2058580.000000 

start to combine
end write partition id 2, finished subgraph 7, 
0 start fennel partition

 partition into 8 subgraph
1 1235783.069241 57748.000000 
2 1169581.703604 132885.000000 
3 431043.181975 862456.000000 
4 435661.275119 857838.000000 
5 419671.506595 873834.000000 
6 414999.578297 878500.000000 
7 349216.603909 944283.000000 
8 150117.884273 1114291.000000 

start to combine
end write partition id 3, finished subgraph 8, 
partition results
********************************
0 4931822 193466511
1 4944224 193023689
2 5279409 181050551
3 5374916 177641801
4 5162839 185925376
5 5142044 185958865
6 4834874 196930812
7 5721835 164529703
********************************
finish write
Finish partition! total generate time is2.068012


 partition into 32 subgraph
1 2405364.772844 190633.000000 
2 2172585.851620 414489.000000 
3 2122594.102381 483956.000000 
4 2033370.103878 553664.000000 
5 2011048.055888 575952.000000 
6 2033699.889686 553299.000000 
7 1961610.755541 625390.000000 
8 2008475.642593 578550.000000 
9 1979275.656803 607757.000000 
10 1976545.965352 610453.000000 
11 1781879.421413 805121.000000 
12 1751550.857074 835447.000000 
13 1661919.917438 925079.000000 
14 1627282.665112 960008.000000 
15 1369974.342618 1217024.000000 
16 866704.457098 1720294.000000 
17 834669.741118 1752328.000000 
18 791718.302999 1795280.000000 
19 748977.698234 1838021.000000 
20 786621.852460 1800376.000000 
21 761748.919638 1825289.000000 
22 771276.426056 1815722.000000 
23 718922.285010 1868076.000000 
24 676004.133420 1910994.000000 
25 733647.613310 1853351.000000 
26 710978.730314 1876020.000000 
27 747871.012089 1839127.000000 
28 699393.506025 1887605.000000 
29 730218.960715 1856779.000000 
30 637365.834554 1949632.000000 
31 779330.002673 1807668.000000 
32 499335.524008 2058579.000000 

start to combine
end write partition id 1, finished subgraph 4, 
0 start fennel partition

 partition into 48 subgraph
1 1235783.069241 57748.000000 
2 1169581.703604 132885.000000 
3 1110607.574370 182909.000000 
4 1061978.277250 231580.000000 
5 1058355.868492 235154.000000 
6 1064238.233889 248802.000000 
7 1025117.154356 268608.000000 
8 1008487.886915 285065.000000 
9 988336.938167 305163.000000 
10 1022621.084516 270878.000000 
11 1024666.652383 268833.000000 
12 1009245.778377 284437.000000 
13 991037.766360 302462.000000 
14 1017280.570081 276219.000000 
15 1006417.543119 287277.000000 
16 970335.392222 323178.000000 
17 819533.916272 473970.000000 
18 842332.194006 451168.000000 
19 819429.689399 474084.000000 
20 807663.278883 485839.000000 
21 788920.134800 505785.000000 
22 581457.397560 712042.000000 
23 431020.785655 862479.000000 
24 435560.575666 857939.000000 
25 419777.945105 873721.000000 
26 414840.452445 878659.000000 
27 399103.258418 894396.000000 
28 392618.152066 900882.000000 
29 407506.721541 885993.000000 
30 379199.397067 914300.000000 
31 364538.906113 928960.000000 
32 354319.997308 939187.000000 
33 335156.110363 958344.000000 
34 340905.441619 952594.000000 
35 368025.481191 925474.000000 
36 342857.476856 950642.000000 
37 401196.222498 892303.000000 
38 346661.743730 946838.000000 
39 328474.700268 965025.000000 
40 371044.001181 922455.000000 
41 366066.055169 927433.000000 
42 364020.067370 929479.000000 
43 316128.253065 977372.000000 
44 321238.561327 972261.000000 
45 431888.055144 861612.000000 
46 347552.109423 945947.000000 
47 349033.122059 944467.000000 
48 149833.954929 1113017.000000 

start to combine
end write partition id 2, finished subgraph 10, 
0 start fennel partition

 partition into 48 subgraph
1 647704.199734 25029.000000 
2 636038.768625 34786.000000 
3 577620.320080 69131.000000 
4 577255.260068 69495.000000 
5 556790.034961 89969.000000 
6 572420.230571 91822.000000 
7 509916.105394 136909.000000 
8 507007.383363 139753.000000 
9 493035.747214 153718.000000 
10 506236.949962 148285.000000 
11 520974.596238 125848.000000 
12 499572.869019 147183.000000 
13 484550.957455 162199.000000 
14 524742.973009 127557.000000 
15 483449.338475 163903.000000 
16 509935.366230 138310.000000 
17 517832.840498 128917.000000 
18 486133.845351 160709.000000 
19 324767.829391 321982.000000 
20 241197.893798 405554.000000 
21 218109.667709 428641.000000 
22 212258.321216 434492.000000 
23 218789.787950 427961.000000 
24 216554.439268 430196.000000 
25 212032.566313 434718.000000 
26 205314.034318 441436.000000 
27 210015.245804 436735.000000 
28 204879.517718 441871.000000 
29 176568.525847 470181.000000 
30 177377.172968 469374.000000 
31 187065.288994 459685.000000 
32 178774.423369 467975.000000 
33 171190.721540 475559.000000 
34 172755.916344 473994.000000 
35 174917.553139 471832.000000 
36 186420.946874 460329.000000 
37 159680.049001 487070.000000 
38 157559.621434 489190.000000 
39 159947.181105 486803.000000 
40 160938.190260 485812.000000 
41 210236.857388 436520.000000 
42 225751.627964 420999.000000 
43 179814.480464 466935.000000 
44 164856.482397 481893.000000 
45 161309.941173 485440.000000 
46 187203.642259 459546.000000 
47 104541.541488 542208.000000 
48 27164.608248 515107.000000 

start to combine
end write partition id 3, finished subgraph 16, 
partition results
********************************
0 2461108 96906038
1 2463411 96822638
2 2630410 90858797
3 2651169 90115780
4 2585276 92513015
5 2574747 92847843
6 2576248 93490208
7 2583024 92552381
8 2581139 92617359
9 2461870 96885055
10 2652431 91001904
11 2651310 90391460
12 2649605 90193344
13 2651841 90145707
14 2645553 87448183
15 2572821 93737596
********************************
finish write
Finish partition! total generate time is8.965933
